title:This is a compiled collection of god/recommended rolls from Choosy Voltron and Scrubs In Tubs
description:

title:Scrubs In Tubs Roll List:
description: Recommended rolls by Scrubs In Tubs

// Hung Jury SR4 (Adept) //
https://destinytracker.com/destiny-2/db/items/681067419?perks=1636108362,1482024992,106909392,247725512,3038247973,261886691,3018373291,2697220197,0,2302094943
https://destinytracker.com/destiny-2/db/items/681067419?perks=1636108362,3250034553,106909392,247725512,3038247973,261886691,3018373291,2697220197,0,2302094943
https://destinytracker.com/destiny-2/db/items/681067419?perks=1636108362,3250034553,3142289711,247725512,3038247973,261886691,3018373291,2697220197,0,2302094943
https://destinytracker.com/destiny-2/db/items/681067419?perks=1636108362,1482024992,3142289711,247725512,3038247973,261886691,3018373291,2697220197,0,2302094943
https://destinytracker.com/destiny-2/db/items/681067419?perks=1636108362,1482024992,3142289711,247725512,3824105627,261886691,3018373291,2697220197,0,2302094943
https://destinytracker.com/destiny-2/db/items/681067419?perks=1636108362,3250034553,3142289711,247725512,3824105627,261886691,3018373291,2697220197,0,2302094943
https://destinytracker.com/destiny-2/db/items/681067419?perks=1636108362,3250034553,106909392,247725512,3824105627,261886691,3018373291,2697220197,0,2302094943
https://destinytracker.com/destiny-2/db/items/681067419?perks=1636108362,1482024992,106909392,247725512,3824105627,261886691,3018373291,2697220197,0,2302094943

// Hung Jury SR4 //
https://destinytracker.com/destiny-2/db/items/4281371574-hung-jury-sr4?perks=1636108362,1482024992,106909392,247725512,3038247973,261886691,3018373291,2697220197,0,2302094943
https://destinytracker.com/destiny-2/db/items/4281371574-hung-jury-sr4?perks=1636108362,3250034553,106909392,247725512,3038247973,261886691,3018373291,2697220197,0,2302094943
https://destinytracker.com/destiny-2/db/items/4281371574-hung-jury-sr4?perks=1636108362,3250034553,3142289711,247725512,3038247973,261886691,3018373291,2697220197,0,2302094943
https://destinytracker.com/destiny-2/db/items/4281371574-hung-jury-sr4?perks=1636108362,1482024992,3142289711,247725512,3038247973,261886691,3018373291,2697220197,0,2302094943
https://destinytracker.com/destiny-2/db/items/64281371574-hung-jury-sr4?perks=1636108362,1482024992,3142289711,247725512,3824105627,261886691,3018373291,2697220197,0,2302094943
https://destinytracker.com/destiny-2/db/items/4281371574-hung-jury-sr4?perks=1636108362,3250034553,3142289711,247725512,3824105627,261886691,3018373291,2697220197,0,2302094943
https://destinytracker.com/destiny-2/db/items/4281371574-hung-jury-sr4?perks=1636108362,3250034553,106909392,247725512,3824105627,261886691,3018373291,2697220197,0,2302094943
https://destinytracker.com/destiny-2/db/items/4281371574-hung-jury-sr4?perks=1636108362,1482024992,106909392,247725512,3824105627,261886691,3018373291,2697220197,0,2302094943

// Fatebringer (Timelost) //
https://destinytracker.com/destiny-2/db/items/1216319404?perks=1294026524,1482024992,3142289711,3418782618,3824105627,3205869472,4091000557,2697220197,0,2302094943
https://destinytracker.com/destiny-2/db/items/1216319404?perks=1294026524,3250034553,3142289711,3418782618,3824105627,3205869472,4091000557,2697220197,0,2302094943
https://destinytracker.com/destiny-2/db/items/1216319404?perks=1294026524,4090651448,3142289711,3418782618,3824105627,3205869472,4091000557,2697220197,0,2302094943

// Fatebringer //
https://destinytracker.com/destiny-2/db/items/2171478765?perks=1294026524,1482024992,3142289711,3418782618,3824105627,3205869472,4091000557,2697220197,0,2302094943
https://destinytracker.com/destiny-2/db/items/2171478765?perks=1294026524,3250034553,3142289711,3418782618,3824105627,3205869472,4091000557,2697220197,0,2302094943
https://destinytracker.com/destiny-2/db/items/2171478765?perks=1294026524,4090651448,3142289711,3418782618,3824105627,3205869472,4091000557,2697220197,0,2302094943
